1 2 29777
1 3 29777
1 5 10176
1 6 5088
1 7 10176
1 8 1803
1 9 49327
1 10 18447
1 11 19973
1 12 18881
1 13 51
1 14 16035
1 15 38779
1 16 21169
1 17 4784
1 18 14782
1 19 38522
2 3 29777
2 5 10176
2 6 5088
2 7 10176
2 8 39054
2 9 49327
2 10 23520
2 11 4118
2 12 18881
2 13 51
2 14 16035
2 15 1528
2 16 4306
2 17 29582
2 18 17630
2 19 38522
3 5 10176
3 6 5088
3 7 10176
3 8 39054
3 9 49326
3 10 3522
3 11 17698
3 12 18882
3 13 52
3 14 16035
3 15 38779
3 16 25212
3 17 28035
3 18 4688
3 19 1270
4 5 32775
4 6 34943
4 7 29781
4 9 8341
4 10 1766
4 11 2730
4 12 3098
4 13 41116
4 14 3074
4 16 2530
4 17 814
4 18 3494
5 6 26779
5 7 50000
5 8 273
5 9 16569
5 10 49
5 11 13
5 12 15474
5 13 4
5 14 19317
5 15 270
5 16 24
5 17 34
5 18 13
5 19 246
6 7 26779
6 8 12345
6 10 5350
6 11 4591
6 13 78
6 15 12345
6 16 3699
6 17 3017
6 18 3152
6 19 12345
7 8 772
7 9 18066
7 10 51
7 11 32
7 12 18239
7 13 4
7 14 16552
7 15 769
7 16 5
7 17 34
7 18 10
7 19 745
8 9 71
8 10 7515
8 11 7044
8 12 12878
8 13 31
8 14 14065
8 16 11835
8 17 3203
8 18 9386
9 10 6900
9 11 9641
9 12 5587
9 13 41098
9 14 2902
9 15 37
9 16 9001
9 17 7169
9 18 7039
9 19 40
10 11 6
10 12 5559
10 13 8364
10 14 6262
10 15 8407
10 16 6
10 17 6
10 18 147
10 19 3904
11 12 3612
11 13 7652
11 14 3466
11 15 7612
11 16 152
11 17 4
11 19 10765
12 13 21981
12 15 14708
12 16 6364
12 17 10271
12 18 5816
12 19 14370
13 14 19109
13 15 70
13 16 8696
13 17 10204
13 18 6300
13 19 16
14 15 12029
14 16 6315
14 17 10295
14 18 1931
14 19 12030
15 16 8035
15 17 8336
15 18 6356
16 17 4
16 19 9021
17 19 9842
18 19 4610
